{
  "advancedEditorSelectedIdentifier" : "ProjectBrowser",
  "openSceneRelativePaths" : [
    "Scene.usda",
    "shadow3.usdc",
    "material.usda"
  ],
  "recentIdentifiers" : {
    "43D843BB-E25F-4BCB-B12F-E6CF6FA2E75A" : [

    ],
    "110D1B54-3562-4B18-B404-AADD341D6FE0" : [

    ],
    "1938C827-5785-4192-A3F4-DA7E7ABC3E08" : [

    ],
    "A11F6994-CD31-4F34-84D7-F092943F3F26" : [

    ],
    "AF09ED6F-1707-48FD-8720-65B998362C09" : [

    ],
    "B163F6E2-9734-4069-81A9-652F315B4CE4" : [

    ],
    "BC92A68A-3A60-4AFB-B8C6-6F20CB7BF39C" : [

    ],
    "C9BC79F4-8B02-4CB0-A859-9C1C4CFEBF9C" : [

    ],
    "D0D8D245-9985-44CB-87FC-847651C8A7C4" : [

    ],
    "D66134B1-3681-4A8E-AFE5-29F257229F3B" : [

    ],
    "EBD616B2-0DD4-448C-9C11-1B691F68E696" : [

    ]
  },
  "sceneCameraHistory" : {
    "1E5FC113-4214-46E5-8D8B-5B805F1E7D29" : [
      {
        "date" : 727864995.526507,
        "title" : "Untitled",
        "transform" : [
          0.99999994,
          0,
          -0,
          0,
          -0,
          0.8660254,
          -0.49999994,
          0,
          0,
          0.49999994,
          0.8660254,
          0,
          0,
          0.210382,
          0.36439234,
          1
        ]
      }
    ],
    "2D14E7F2-8CD6-4104-833B-044211188E8A" : [
      {
        "date" : 727865411.707863,
        "title" : "Untitled",
        "transform" : [
          0.9999169,
          0,
          -0.01289332,
          0,
          -0.00644666,
          0.8660254,
          -0.49995846,
          0,
          0.011165943,
          0.5,
          0.86595345,
          0,
          0.0028189598,
          0.07028679,
          0.13562596,
          1
        ]
      },
      {
        "date" : 727865407.90423,
        "title" : "Untitled",
        "transform" : [
          0.9999285,
          0,
          -0.011962606,
          0,
          -0.005981303,
          0.8660254,
          -0.49996424,
          0,
          0.010359921,
          0.5,
          0.86596346,
          0,
          0.011049303,
          0.53327155,
          0.92358744,
          1
        ]
      },
      {
        "date" : 727865158.982214,
        "title" : "Untitled",
        "transform" : [
          1,
          0,
          -0,
          0,
          -0,
          0.8660254,
          -0.5,
          0,
          0,
          0.5,
          0.8660254,
          0,
          0,
          0.2911107,
          0.5042186,
          1
        ]
      }
    ],
    "8EF92B21-A2A3-4809-A3AE-50BB393932F5" : [
      {
        "date" : 727865882.337014,
        "title" : "Untitled",
        "transform" : [
          0.99999994,
          0,
          -0,
          0,
          -0,
          0.84568506,
          -0.53368217,
          0,
          0,
          0.53368217,
          0.84568506,
          0,
          -9.536742e-07,
          57.920654,
          77.29194,
          1
        ]
      }
    ],
    "36F1814D-2F1B-4365-9994-645C74B266E0" : [
      {
        "date" : 727865429.010896,
        "title" : "Untitled",
        "transform" : [
          0.99999994,
          0,
          -0,
          0,
          -0,
          0.8660254,
          -0.49999994,
          0,
          0,
          0.49999994,
          0.8660254,
          0,
          0,
          0.08915487,
          0.16759798,
          1
        ]
      },
      {
        "date" : 727865425.692054,
        "title" : "Untitled",
        "transform" : [
          0.99999994,
          0,
          -0,
          0,
          -0,
          0.8660254,
          -0.49999994,
          0,
          0,
          0.49999994,
          0.8660254,
          0,
          0,
          0.27347156,
          0.4736667,
          1
        ]
      }
    ],
    "43D843BB-E25F-4BCB-B12F-E6CF6FA2E75A" : [
      {
        "date" : 728138284.669686,
        "title" : "Untitled",
        "transform" : [
          1,
          0,
          -0,
          0,
          -0,
          0.8660254,
          -0.5,
          0,
          0,
          0.5,
          0.8660254,
          0,
          0.13755096,
          0.116925165,
          0.54903096,
          1
        ]
      },
      {
        "date" : 728138197.423026,
        "title" : "Untitled",
        "transform" : [
          1,
          0,
          -0,
          0,
          -0,
          0.8660254,
          -0.5,
          0,
          0,
          0.5,
          0.8660254,
          0,
          0,
          0.23207714,
          0.4019694,
          1
        ]
      }
    ],
    "110D1B54-3562-4B18-B404-AADD341D6FE0" : [
      {
        "date" : 728320672.428046,
        "title" : "Untitled",
        "transform" : [
          0.99897736,
          6.984001e-10,
          -0.04521345,
          0,
          -0.008885173,
          0.98050064,
          -0.19631515,
          0,
          0.044331815,
          0.19651611,
          0.97949797,
          0,
          0.14514613,
          7.909468,
          17.601814,
          1
        ]
      },
      {
        "date" : 728320557.211883,
        "title" : "Untitled",
        "transform" : [
          1,
          0,
          -0,
          0,
          -0,
          0.8660281,
          -0.49999547,
          0,
          0,
          0.49999547,
          0.8660281,
          0,
          -0.16472888,
          28.327673,
          40.724586,
          1
        ]
      }
    ],
    "1938C827-5785-4192-A3F4-DA7E7ABC3E08" : [
      {
        "date" : 728035476.028016,
        "title" : "Untitled",
        "transform" : [
          0.99999994,
          0,
          0,
          0,
          0,
          0.8660254,
          -0.49999988,
          0,
          0,
          0.49999988,
          0.8660254,
          0,
          5.5607503e-05,
          0.041203976,
          0.07286581,
          1
        ]
      },
      {
        "date" : 728035452.097806,
        "title" : "Untitled",
        "transform" : [
          0.99999994,
          0,
          -0,
          0,
          -0,
          0.8660254,
          -0.49999988,
          0,
          0,
          0.49999988,
          0.8660254,
          0,
          0,
          0.27213767,
          0.47135633,
          1
        ]
      }
    ],
    "6291D825-7F26-470F-B7AC-26FB53E6D17D" : [
      {
        "date" : 727865415.779966,
        "title" : "Untitled",
        "transform" : [
          0.99999994,
          0,
          -0,
          0,
          -0,
          0.8660254,
          -0.49999994,
          0,
          0,
          0.49999994,
          0.8660254,
          0,
          0,
          0.27347156,
          0.4736667,
          1
        ]
      }
    ],
    "A11F6994-CD31-4F34-84D7-F092943F3F26" : [
      {
        "date" : 728057307.882209,
        "title" : "Untitled",
        "transform" : [
          1,
          0,
          0,
          0,
          0,
          0.7071069,
          -0.70710677,
          0,
          0,
          0.70710677,
          0.7071069,
          0,
          -0.01481706,
          0.57855093,
          0.578551,
          1
        ]
      },
      {
        "date" : 728056923.69489,
        "title" : "Untitled",
        "transform" : [
          0.9717567,
          -2.9420416e-08,
          -0.23598509,
          0,
          0.0053716977,
          0.99974096,
          0.022119801,
          0,
          0.2359239,
          -0.022762677,
          0.9715049,
          0,
          0.21745545,
          0.16836709,
          0.67098045,
          1
        ]
      },
      {
        "date" : 728047117.352823,
        "title" : "Untitled",
        "transform" : [
          0.9717567,
          -2.9420416e-08,
          -0.23598509,
          0,
          0.0053716977,
          0.99974096,
          0.022119801,
          0,
          0.2359239,
          -0.022762677,
          0.9715049,
          0,
          1.1803769,
          1.7540852,
          4.8815675,
          1
        ]
      },
      {
        "date" : 728047115.356161,
        "title" : "Untitled",
        "transform" : [
          0.9717567,
          -2.9420416e-08,
          -0.23598509,
          0,
          0.0053716977,
          0.99974096,
          0.022119801,
          0,
          0.2359239,
          -0.022762677,
          0.9715049,
          0,
          2.2276804,
          3.3104184,
          9.212797,
          1
        ]
      },
      {
        "date" : 728047077.284907,
        "title" : "Untitled",
        "transform" : [
          0.9717567,
          -2.9420416e-08,
          -0.23598509,
          0,
          0.0053716977,
          0.99974096,
          0.022119801,
          0,
          0.2359239,
          -0.022762677,
          0.9715049,
          0,
          21.985956,
          23.149511,
          94.768105,
          1
        ]
      },
      {
        "date" : 727866582.630301,
        "title" : "Untitled",
        "transform" : [
          0.9717567,
          -2.9420416e-08,
          -0.23598509,
          0,
          0.0053716977,
          0.99974096,
          0.022119801,
          0,
          0.2359239,
          -0.022762677,
          0.9715049,
          0,
          6.4565773,
          6.798277,
          27.830383,
          1
        ]
      },
      {
        "date" : 727866491.370536,
        "title" : "Untitled",
        "transform" : [
          0.9717566,
          -2.9420413e-08,
          -0.23598506,
          0,
          0.0053716977,
          0.99974096,
          0.022119801,
          0,
          0.2359239,
          -0.022762677,
          0.9715049,
          0,
          6.711169,
          6.199547,
          27.754528,
          1
        ]
      },
      {
        "date" : 727866483.307441,
        "title" : "Untitled",
        "transform" : [
          0.1320599,
          -3.9700847e-08,
          -0.9912417,
          0,
          -0.30993196,
          0.9498617,
          -0.04129127,
          0,
          0.94154257,
          0.31267044,
          0.12543866,
          0,
          24.619242,
          15.386245,
          3.3082201,
          1
        ]
      },
      {
        "date" : 727866410.741867,
        "title" : "Untitled",
        "transform" : [
          0.99801177,
          -4.005991e-08,
          0.063027635,
          0,
          0.010925658,
          0.9848609,
          -0.1730018,
          0,
          -0.062073454,
          0.17334647,
          0.98290277,
          0,
          4.750224,
          10.446606,
          51.871395,
          1
        ]
      },
      {
        "date" : 727866402.189828,
        "title" : "Untitled",
        "transform" : [
          0.13988252,
          -4.026176e-08,
          -0.9901681,
          0,
          -0.49690115,
          0.86496323,
          -0.070198,
          0,
          0.856459,
          0.50183517,
          0.12099323,
          0,
          4.8241415,
          4.5097795,
          -14.066125,
          1
        ]
      }
    ],
    "AF09ED6F-1707-48FD-8720-65B998362C09" : [
      {
        "date" : 727865723.672873,
        "title" : "Untitled",
        "transform" : [
          0.99925435,
          -3.0206954e-10,
          -0.038608167,
          0,
          -0.02656206,
          0.7257195,
          -0.6874777,
          0,
          0.0280187,
          0.6879906,
          0.7251784,
          0,
          2.186192,
          11.895492,
          10.432342,
          1
        ]
      },
      {
        "date" : 727865714.331253,
        "title" : "Untitled",
        "transform" : [
          0.99999994,
          0,
          -0,
          0,
          -0,
          0.86602443,
          -0.50000155,
          0,
          0,
          0.50000155,
          0.86602443,
          0,
          1.5646361,
          8.008592,
          11.40771,
          1
        ]
      },
      {
        "date" : 727865712.327415,
        "title" : "Untitled",
        "transform" : [
          0.99999994,
          0,
          0,
          0,
          0,
          0.86602443,
          -0.50000155,
          0,
          0,
          0.50000155,
          0.86602443,
          0,
          0.085767776,
          0.0853937,
          0.09846466,
          1
        ]
      },
      {
        "date" : 727865706.906615,
        "title" : "Untitled",
        "transform" : [
          0.99999994,
          0,
          0,
          0,
          0,
          0.86602443,
          -0.50000155,
          0,
          0,
          0.50000155,
          0.86602443,
          0,
          0,
          1.9128656,
          2.2018414,
          1
        ]
      },
      {
        "date" : 727864767.839949,
        "title" : "Untitled",
        "transform" : [
          0.99999994,
          0,
          -0,
          0,
          -0,
          0.86602443,
          -0.50000155,
          0,
          0,
          0.50000155,
          0.86602443,
          0,
          0,
          3.6444185,
          4.194979,
          1
        ]
      }
    ],
    "AF28A1A6-BD26-4148-8DD7-192651F08227" : [
      {
        "date" : 727867275.147015,
        "title" : "Untitled",
        "transform" : [
          0.99999994,
          0,
          -0,
          0,
          -0,
          0.84564596,
          -0.5337442,
          0,
          0,
          0.5337442,
          0.84564596,
          0,
          -9.536742e-07,
          57.836617,
          77.14186,
          1
        ]
      }
    ],
    "B163F6E2-9734-4069-81A9-652F315B4CE4" : [
      {
        "date" : 728046892.956842,
        "title" : "Untitled",
        "transform" : [
          0.9966561,
          -8.064966e-09,
          -0.08171043,
          0,
          -0.014901041,
          0.98323107,
          -0.18175429,
          0,
          0.08034024,
          0.1823641,
          0.9799433,
          0,
          0.7107692,
          2.6409729,
          8.67159,
          1
        ]
      },
      {
        "date" : 728046874.189353,
        "title" : "Untitled",
        "transform" : [
          0.9966561,
          -7.848972e-09,
          -0.08171042,
          0,
          -0.014901039,
          0.98323107,
          -0.18175429,
          0,
          0.08034023,
          0.1823641,
          0.9799433,
          0,
          0.7191032,
          2.7611165,
          8.320297,
          1
        ]
      },
      {
        "date" : 728046828.071365,
        "title" : "Untitled",
        "transform" : [
          0.9966561,
          -7.848972e-09,
          -0.08171042,
          0,
          -0.014901039,
          0.98323107,
          -0.18175429,
          0,
          0.08034023,
          0.1823641,
          0.9799433,
          0,
          0.0045359815,
          0.017166609,
          0.053484336,
          1
        ]
      },
      {
        "date" : 728046813.810195,
        "title" : "Untitled",
        "transform" : [
          0.9966561,
          -7.3105566e-09,
          -0.08171041,
          0,
          -0.014901041,
          0.9832311,
          -0.18175429,
          0,
          0.08034022,
          0.18236408,
          0.9799432,
          0,
          0.0012236955,
          0.040005527,
          0.13765171,
          1
        ]
      },
      {
        "date" : 728046810.565581,
        "title" : "Untitled",
        "transform" : [
          0.9966561,
          -7.3105566e-09,
          -0.08171041,
          0,
          -0.014901041,
          0.9832311,
          -0.18175429,
          0,
          0.08034022,
          0.18236408,
          0.9799432,
          0,
          0.011813953,
          0.020813176,
          0.1403551,
          1
        ]
      },
      {
        "date" : 728046782.834366,
        "title" : "Untitled",
        "transform" : [
          0.9966561,
          -7.3105566e-09,
          -0.08171041,
          0,
          -0.014901041,
          0.9832311,
          -0.18175429,
          0,
          0.08034022,
          0.18236408,
          0.9799432,
          0,
          0.07450525,
          0.13125926,
          0.885156,
          1
        ]
      },
      {
        "date" : 728046718.74389,
        "title" : "Untitled",
        "transform" : [
          0.9985832,
          -7.3105566e-09,
          -0.053212017,
          0,
          -0.009703956,
          0.9832311,
          -0.18210573,
          0,
          0.052319713,
          0.18236408,
          0.98183805,
          0,
          0.009157618,
          0.024434179,
          0.16510248,
          1
        ]
      },
      {
        "date" : 728046703.238887,
        "title" : "Untitled",
        "transform" : [
          0.99858326,
          -8.509658e-09,
          -0.053212028,
          0,
          -0.009703956,
          0.98323107,
          -0.18210573,
          0,
          0.05231972,
          0.1823641,
          0.98183805,
          0,
          0.0016278974,
          0.033849135,
          0.093646005,
          1
        ]
      },
      {
        "date" : 728036771.293573,
        "title" : "Untitled",
        "transform" : [
          0.9986387,
          -8.509658e-09,
          -0.052160632,
          0,
          -0.009512219,
          0.98323107,
          -0.18211585,
          0,
          0.051285956,
          0.1823641,
          0.9818926,
          0,
          0.008976839,
          0.024434179,
          0.16506255,
          1
        ]
      },
      {
        "date" : 728036747.77201,
        "title" : "Untitled",
        "transform" : [
          0.9986387,
          -8.509658e-09,
          -0.052160632,
          0,
          -0.009512219,
          0.98323107,
          -0.18211585,
          0,
          0.051285956,
          0.1823641,
          0.9818926,
          0,
          0.008976849,
          0.024434177,
          0.16506252,
          1
        ]
      }
    ],
    "BC92A68A-3A60-4AFB-B8C6-6F20CB7BF39C" : [
      {
        "date" : 728036364.780886,
        "title" : "Untitled",
        "transform" : [
          0.99999994,
          0,
          -0,
          0,
          -0,
          0.8660254,
          -0.49999994,
          0,
          0,
          0.49999994,
          0.8660254,
          0,
          0,
          0.07122573,
          0.13936114,
          1
        ]
      },
      {
        "date" : 728035405.167542,
        "title" : "Untitled",
        "transform" : [
          0.99999994,
          0,
          -0,
          0,
          -0,
          0.8660254,
          -0.49999994,
          0,
          0,
          0.49999994,
          0.8660254,
          0,
          0,
          0.27213767,
          0.47135633,
          1
        ]
      }
    ],
    "C9BC79F4-8B02-4CB0-A859-9C1C4CFEBF9C" : [
      {
        "date" : 728035430.38636,
        "title" : "Untitled",
        "transform" : [
          0.99999994,
          0,
          -0,
          0,
          -0,
          0.8660254,
          -0.49999988,
          0,
          0,
          0.49999988,
          0.8660254,
          0,
          0,
          0.27213767,
          0.47135633,
          1
        ]
      }
    ],
    "D0D8D245-9985-44CB-87FC-847651C8A7C4" : [
      {
        "date" : 728060464.689241,
        "title" : "Untitled",
        "transform" : [
          1,
          0,
          -0,
          0,
          -0,
          0.8667207,
          -0.49879375,
          0,
          0,
          0.49879375,
          0.8667207,
          0,
          4.2915335e-06,
          4.5636578,
          7.197717,
          1
        ]
      }
    ],
    "D66134B1-3681-4A8E-AFE5-29F257229F3B" : [
      {
        "date" : 728333105.290952,
        "title" : "Untitled",
        "transform" : [
          0.8827655,
          2.2169333e-10,
          -0.46981382,
          0,
          0.059611842,
          0.9919176,
          0.11200875,
          0,
          0.46601656,
          -0.126884,
          0.8756307,
          0,
          0.05142715,
          0.036020033,
          0.124289826,
          1
        ]
      },
      {
        "date" : 728333094.851238,
        "title" : "Untitled",
        "transform" : [
          0.8827655,
          2.2169333e-10,
          -0.46981382,
          0,
          0.059611842,
          0.9919176,
          0.11200875,
          0,
          0.46601656,
          -0.126884,
          0.8756307,
          0,
          0.063788965,
          0.03265424,
          0.1475173,
          1
        ]
      },
      {
        "date" : 728333049.584313,
        "title" : "Untitled",
        "transform" : [
          0.88951826,
          1.6692658e-10,
          -0.45689958,
          0,
          0.062097356,
          0.99072117,
          0.120894656,
          0,
          0.45266,
          -0.13591033,
          0.8812647,
          0,
          0.057043917,
          0.028095936,
          0.15036246,
          1
        ]
      },
      {
        "date" : 728332834.653517,
        "title" : "Untitled",
        "transform" : [
          0.88951826,
          1.6692658e-10,
          -0.45689958,
          0,
          0.062097356,
          0.99072117,
          0.120894656,
          0,
          0.45266,
          -0.13591033,
          0.8812647,
          0,
          0.0744061,
          0.022882976,
          0.18416417,
          1
        ]
      },
      {
        "date" : 728332829.903711,
        "title" : "Untitled",
        "transform" : [
          0.8709884,
          1.7678292e-10,
          -0.49130353,
          0,
          0.053504977,
          0.9940523,
          0.094854176,
          0,
          0.4883813,
          -0.108904146,
          0.86580807,
          0,
          0.07779916,
          0.043489505,
          0.14205274,
          1
        ]
      },
      {
        "date" : 728332770.742752,
        "title" : "Untitled",
        "transform" : [
          0.8709884,
          1.7678292e-10,
          -0.49130353,
          0,
          0.053504977,
          0.9940523,
          0.094854176,
          0,
          0.4883813,
          -0.108904146,
          0.86580807,
          0,
          0.051251445,
          0.044501442,
          0.15715495,
          1
        ]
      },
      {
        "date" : 728322334.04347,
        "title" : "Untitled",
        "transform" : [
          0.9692602,
          -2.3316333e-09,
          0.24603821,
          0,
          -0.057796914,
          0.97201705,
          0.22768933,
          0,
          -0.23915331,
          -0.23491047,
          0.9421373,
          0,
          -0.054295216,
          0.032355748,
          0.16013137,
          1
        ]
      },
      {
        "date" : 728321764.864485,
        "title" : "Untitled",
        "transform" : [
          0.9480518,
          -1.8766033e-09,
          -0.31811613,
          0,
          0.06617981,
          0.9781211,
          0.19722944,
          0,
          0.31115603,
          -0.20803663,
          0.92730933,
          0,
          0.040779494,
          0.036988467,
          0.16311286,
          1
        ]
      },
      {
        "date" : 728321761.65152,
        "title" : "Untitled",
        "transform" : [
          0.99899006,
          -2.7569105e-09,
          0.04493306,
          0,
          -0.0077472967,
          0.9850236,
          0.17224488,
          0,
          -0.044260114,
          -0.17241907,
          0.9840288,
          0,
          -0.020680476,
          0.04304413,
          0.16539784,
          1
        ]
      },
      {
        "date" : 728321750.713107,
        "title" : "Untitled",
        "transform" : [
          0.9373967,
          -2.7575902e-09,
          -0.34826353,
          0,
          0.05798769,
          0.98604053,
          0.15608138,
          0,
          0.343402,
          -0.16650522,
          0.9243112,
          0,
          0.045376822,
          0.04404042,
          0.16011968,
          1
        ]
      }
    ],
    "EBD616B2-0DD4-448C-9C11-1B691F68E696" : [
      {
        "date" : 728059210.822629,
        "title" : "Untitled",
        "transform" : [
          0.9997373,
          0,
          0.022916691,
          0,
          0.011458346,
          0.8660254,
          -0.49986863,
          0,
          -0.019846437,
          0.49999994,
          0.86579794,
          0,
          -0.19620061,
          1.3131342,
          2.3427176,
          1
        ]
      },
      {
        "date" : 728059208.644344,
        "title" : "Untitled",
        "transform" : [
          0.9997373,
          0,
          0.022916691,
          0,
          0.011458346,
          0.8660254,
          -0.49986863,
          0,
          -0.019846437,
          0.49999994,
          0.86579794,
          0,
          -0.05430796,
          1.3882446,
          2.3025935,
          1
        ]
      },
      {
        "date" : 728035355.835891,
        "title" : "Untitled",
        "transform" : [
          0.99999994,
          0,
          -0,
          0,
          -0,
          0.8660254,
          -0.49999994,
          0,
          0,
          0.49999994,
          0.8660254,
          0,
          6.2364146e-05,
          0.038293574,
          0.058385726,
          1
        ]
      },
      {
        "date" : 728035352.777073,
        "title" : "Untitled",
        "transform" : [
          0.99999994,
          0,
          -0,
          0,
          -0,
          0.8660254,
          -0.49999994,
          0,
          0,
          0.49999994,
          0.8660254,
          0,
          6.234645e-05,
          0.038293585,
          0.05838573,
          1
        ]
      },
      {
        "date" : 727864840.297907,
        "title" : "Untitled",
        "transform" : [
          0.99999994,
          0,
          -0,
          0,
          -0,
          0.8660254,
          -0.49999994,
          0,
          0,
          0.49999994,
          0.8660254,
          0,
          0,
          0.210382,
          0.36439234,
          1
        ]
      }
    ],
    "F1D31A36-B0B6-4A09-8545-CAD6B1C58545" : [
      {
        "date" : 728320830.879661,
        "title" : "Untitled",
        "transform" : [
          1,
          0,
          -0,
          0,
          -0,
          0.8660254,
          -0.5,
          0,
          0,
          0.5,
          0.8660254,
          0,
          0,
          0.27148318,
          0.4702227,
          1
        ]
      }
    ]
  },
  "selectedSceneRelativePath" : "shadow3.usdc"
}